INTRA4X4_LUMA =
7,10,20,31
10,16,28,52
20,28,53,67
31,52,67,76

INTRA4X4_CHROMAU =
7,12,19,26
12,16,24,40
19,24,41,50
26,40,50,56

INTRA4X4_CHROMAV =
7,12,19,26
12,16,24,40
19,24,41,50
26,40,50,56

INTER4X4_LUMA =
10,18,32,48
18,23,44,56
32,44,56,59
48,56,59,62

INTER4X4_CHROMAU =
11,18,30,43
18,22,40,50
30,40,50,52
43,50,52,55

INTER4X4_CHROMAV =
11,18,30,43
18,22,40,50
30,40,50,52
43,50,52,55

INTRA8X8_LUMA =
6,9,13,18,25,35,36,37
9,10,15,21,32,35,37,41
13,15,18,23,35,55,58,59
18,21,23,26,65,58,64,66
25,32,35,65,66,66,67,70
35,35,55,58,66,68,70,73
36,37,58,64,67,70,76,80
37,41,59,66,70,73,80,85

INTRA8X8_CHROMAU =
11,12,14,17,20,25,26,26
12,13,15,18,24,25,26,28
14,15,17,19,25,35,37,37
17,18,19,21,40,37,40,41
20,24,25,40,41,41,41,43
25,25,35,37,41,42,43,44
26,26,37,40,41,43,46,48
26,28,37,41,43,44,48,50

INTRA8X8_CHROMAV =
11,12,14,17,20,25,26,26
12,13,15,18,24,25,26,28
14,15,17,19,25,35,37,37
17,18,19,21,40,37,40,41
20,24,25,40,41,41,41,43
25,25,35,37,41,42,43,44
26,26,37,40,41,43,46,48
26,28,37,41,43,44,48,50

INTER8X8_LUMA =
9,15,20,29,36,38,42,43
15,17,22,29,39,43,45,46
20,22,32,34,47,48,49,50
29,29,34,44,50,51,52,53
36,39,47,50,51,52,55,55
38,43,48,51,52,53,56,58
42,45,49,52,55,56,55,60
43,46,50,53,55,58,60,63

INTER8X8_CHROMAU =
14,15,16,18,20,20,21,21
15,16,17,18,20,21,21,22
16,17,19,19,22,22,22,22
18,18,19,21,22,23,23,23
20,20,22,22,23,23,23,23
20,21,22,23,23,23,24,24
21,21,22,23,23,24,23,24
21,22,22,23,23,24,24,25

INTER8X8_CHROMAV =
14,15,16,18,20,20,21,21
15,16,17,18,20,21,21,22
16,17,19,19,22,22,22,22
18,18,19,21,22,23,23,23
20,20,22,22,23,23,23,23
20,21,22,23,23,23,24,24
21,21,22,23,23,24,23,24
21,22,22,23,23,24,24,25

INTRA16X16_LUMA =
13,13,15,16,18,21,22,22
13,14,15,17,20,21,21,22
15,15,16,18,20,25,28,28
16,17,18,16,27,29,29,31
18,20,20,27,31,31,30,31
21,21,25,29,31,31,31,32
22,21,28,29,30,31,32,34
22,22,28,31,31,32,34,36

INTRA16X16_CHROMAU =
2,6,11,17,25,39,44,45
6,7,13,21,35,42,42,48
11,13,18,25,35,60,72,73
17,21,25,20,67,79,79,86
25,35,35,67,88,86,84,90
39,42,60,79,86,88,88,93
44,42,72,79,84,88,94,100
45,48,73,86,90,93,100,109

INTRA16X16_CHROMAV =
2,6,11,17,25,39,44,45
6,7,13,21,35,42,42,48
11,13,18,25,35,60,72,73
17,21,25,20,67,79,79,86
25,35,35,67,88,86,84,90
39,42,60,79,86,88,88,93
44,42,72,79,84,88,94,100
45,48,73,86,90,93,100,109

INTER16X16_LUMA =
14,15,16,18,19,20,21,21
15,16,17,18,20,21,21,22
16,17,18,19,21,22,22,22
18,18,19,20,22,23,23,23
19,20,21,22,23,23,23,23
20,21,22,23,23,23,23,24
21,21,22,23,23,23,23,24
21,22,22,23,23,24,24,24

INTER16X16_CHROMAU =
8,14,19,28,36,39,43,45
14,17,21,29,39,44,46,49
19,21,31,33,45,51,51,53
28,29,33,42,51,54,54,56
36,39,45,51,54,54,57,58
39,44,51,54,54,55,58,61
43,46,51,54,57,58,58,61
45,49,53,56,58,61,61,64

INTER16X16_CHROMAV =
8,14,19,28,36,39,43,45
14,17,21,29,39,44,46,49
19,21,31,33,45,51,51,53
28,29,33,42,51,54,54,56
36,39,45,51,54,54,57,58
39,44,51,54,54,55,58,61
43,46,51,54,57,58,58,61
45,49,53,56,58,61,61,64

INTRA32X32_LUMA =
2,2,6,18,30,52,64,64
2,2,11,23,47,59,61,68
6,11,18,30,44,85,109,109
18,23,30,18,90,124,121,133
30,47,44,90,136,133,128,140
52,59,85,124,133,138,140,143
64,61,109,121,128,140,148,155
64,68,109,133,140,143,155,172

INTER32X32_LUMA =
2,12,25,51,73,83,92,102
12,19,28,51,80,96,105,108
25,28,60,67,99,118,115,118
51,51,67,92,118,128,124,128
73,80,99,118,128,128,134,137
83,96,118,128,128,128,137,147
92,105,115,124,134,137,137,147
102,108,118,128,137,147,147,150

INTRA16X16_LUMA_DC =
2

INTRA16X16_CHROMAU_DC =
6

INTRA16X16_CHROMAV_DC =
6

INTER16X16_LUMA_DC =
4

INTER16X16_CHROMAU_DC =
9

INTER16X16_CHROMAV_DC =
9

INTRA32X32_LUMA_DC =
6

INTER32X32_LUMA_DC =
1
