INTRA4X4_LUMA =
4,12,19,26
12,16,24,40
19,24,41,50
26,40,50,56

INTRA4X4_CHROMAU =
7,12,19,26
12,16,24,40
19,24,41,50
26,40,50,56

INTRA4X4_CHROMAV =
7,12,19,26
12,16,24,40
19,24,41,50
26,40,50,56

INTER4X4_LUMA =
11,18,30,43
18,22,40,50
30,40,50,52
43,50,52,55

INTER4X4_CHROMAU =
11,18,30,43
18,22,40,50
30,40,50,52
43,50,52,55

INTER4X4_CHROMAV =
11,18,30,43
18,22,40,50
30,40,50,52
43,50,52,55

INTRA8X8_LUMA =
6,9,13,18,25,35,36,37
9,10,15,21,32,35,37,41
13,15,18,23,35,55,58,59
18,21,23,26,65,58,64,66
25,32,35,65,66,66,67,70
35,35,55,58,66,68,70,73
36,37,58,64,67,70,76,80
37,41,59,66,70,73,80,85

INTRA8X8_CHROMAU =
6,9,13,18,25,35,36,37
9,10,15,21,32,35,37,41
13,15,18,23,35,55,58,59
18,21,23,26,65,58,64,66
25,32,35,65,66,66,67,70
35,35,55,58,66,68,70,73
36,37,58,64,67,70,76,80
37,41,59,66,70,73,80,85

INTRA8X8_CHROMAV =
6,9,13,18,25,35,36,37
9,10,15,21,32,35,37,41
13,15,18,23,35,55,58,59
18,21,23,26,65,58,64,66
25,32,35,65,66,66,67,70
35,35,55,58,66,68,70,73
36,37,58,64,67,70,76,80
37,41,59,66,70,73,80,85

INTER8X8_LUMA =
9,15,20,29,36,38,42,43
15,17,22,29,39,43,45,46
20,22,32,34,47,48,49,50
29,29,34,44,50,51,52,53
36,39,47,50,51,52,55,55
38,43,48,51,52,53,56,58
42,45,49,52,55,56,55,60
43,46,50,53,55,58,60,63

INTER8X8_CHROMAU =
9,15,20,29,36,38,42,43
15,17,22,29,39,43,45,46
20,22,32,34,47,48,49,50
29,29,34,44,50,51,52,53
36,39,47,50,51,52,55,55
38,43,48,51,52,53,56,58
42,45,49,52,55,56,55,60
43,46,50,53,55,58,60,63

INTER8X8_CHROMAV =
9,15,20,29,36,38,42,43
15,17,22,29,39,43,45,46
20,22,32,34,47,48,49,50
29,29,34,44,50,51,52,53
36,39,47,50,51,52,55,55
38,43,48,51,52,53,56,58
42,45,49,52,55,56,55,60
43,46,50,53,55,58,60,63

INTRA16X16_LUMA =
6,9,13,17,23,33,36,37
9,10,14,20,30,35,35,39
13,14,18,23,30,48,56,57
17,20,23,19,53,61,61,66
23,30,30,53,68,66,65,69
33,35,48,61,66,68,68,71
36,35,56,61,65,68,72,76
37,39,57,66,69,71,76,83

INTRA16X16_CHROMAU =
6,9,13,17,23,33,36,37
9,10,14,20,30,35,35,39
13,14,18,23,30,48,56,57
17,20,23,19,53,61,61,66
23,30,30,53,68,66,65,69
33,35,48,61,66,68,68,71
36,35,56,61,65,68,72,76
37,39,57,66,69,71,76,83

INTRA16X16_CHROMAV =
6,9,13,17,23,33,36,37
9,10,14,20,30,35,35,39
13,14,18,23,30,48,56,57
17,20,23,19,53,61,61,66
23,30,30,53,68,66,65,69
33,35,48,61,66,68,68,71
36,35,56,61,65,68,72,76
37,39,57,66,69,71,76,83

INTER16X16_LUMA =
9,15,19,27,35,37,41,43
15,17,21,28,37,42,44,46
19,21,30,32,43,48,48,50
27,28,32,40,48,51,51,53
35,37,43,48,51,51,54,55
37,42,48,51,51,52,55,57
41,44,48,51,54,55,55,57
43,46,50,53,55,57,57,60

INTER16X16_CHROMAU =
9,15,19,27,35,37,41,43
15,17,21,28,37,42,44,46
19,21,30,32,43,48,48,50
27,28,32,40,48,51,51,53
35,37,43,48,51,51,54,55
37,42,48,51,51,52,55,57
41,44,48,51,54,55,55,57
43,46,50,53,55,57,57,60

INTER16X16_CHROMAV =
9,15,19,27,35,37,41,43
15,17,21,28,37,42,44,46
19,21,30,32,43,48,48,50
27,28,32,40,48,51,51,53
35,37,43,48,51,51,54,55
37,42,48,51,51,52,55,57
41,44,48,51,54,55,55,57
43,46,50,53,55,57,57,60

INTRA32X32_LUMA =
6,9,12,17,22,31,36,36
9,10,14,19,29,34,35,38
12,14,17,22,28,45,55,55
17,19,22,17,47,61,60,65
22,29,28,47,66,65,63,68
31,34,45,61,65,67,68,69
36,35,55,60,63,68,71,74
36,38,55,65,68,69,74,81

INTER32X32_LUMA =
9,15,19,27,34,37,40,43
15,17,20,27,36,41,44,45
19,20,30,32,42,48,47,48
27,27,32,40,48,51,50,51
34,36,42,48,51,51,53,54
37,41,48,51,51,51,54,57
40,44,47,50,53,54,54,57
43,45,48,51,54,57,57,58

INTRA16X16_LUMA_DC =
2

INTRA16X16_CHROMAU_DC =
6

INTRA16X16_CHROMAV_DC =
6

INTER16X16_LUMA_DC =
4

INTER16X16_CHROMAU_DC =
9

INTER16X16_CHROMAV_DC =
9

INTRA32X32_LUMA_DC =
6

INTER32X32_LUMA_DC =
1

