INTRA4X4_LUMA =
3,10,20,31
10,16,28,52
20,28,53,67
31,52,67,76

INTRA4X4_CHROMAU =
2,10,20,31
10,16,28,52
20,28,53,67
31,52,67,76

INTRA4X4_CHROMAV =
2,10,20,31
10,16,28,52
20,28,53,67
31,52,67,76

INTER4X4_LUMA =
10,18,32,48
18,23,44,56
32,44,56,59
48,56,59,62

INTER4X4_CHROMAU =
10,18,32,48
18,23,44,56
32,44,56,59
48,56,59,62

INTER4X4_CHROMAV =
10,18,32,48
18,23,44,56
32,44,56,59
48,56,59,62

INTRA8X8_LUMA =
2,2,10,20,34,54,56,58
2,4,14,26,48,54,58,66
10,14,20,30,54,94,100,102
20,26,30,36,114,100,112,116
34,48,54,114,116,116,118,124
54,54,94,100,116,120,124,130
56,58,100,112,118,124,136,144
58,66,102,116,124,130,144,154

INTRA8X8_CHROMAU =
2,2,10,20,34,54,56,58
2,4,14,26,48,54,58,66
10,14,20,30,54,94,100,102
20,26,30,36,114,100,112,116
34,48,54,114,116,116,118,124
54,54,94,100,116,120,124,130
56,58,100,112,118,124,136,144
58,66,102,116,124,130,144,154

INTRA8X8_CHROMAV =
2,2,10,20,34,54,56,58
2,4,14,26,48,54,58,66
10,14,20,30,54,94,100,102
20,26,30,36,114,100,112,116
34,48,54,114,116,116,118,124
54,54,94,100,116,120,124,130
56,58,100,112,118,124,136,144
58,66,102,116,124,130,144,154

INTER8X8_LUMA =
3,14,23,39,52,55,62,64
14,17,26,39,57,64,68,70
23,26,44,48,71,73,75,77
39,39,48,66,77,79,80,82
52,57,71,77,79,80,86,86
55,64,73,79,80,82,88,91
62,68,75,80,86,88,86,95
64,70,77,82,86,91,95,100

INTER8X8_CHROMAU =
3,14,23,39,52,55,62,64
14,17,26,39,57,64,68,70
23,26,44,48,71,73,75,77
39,39,48,66,77,79,80,82
52,57,71,77,79,80,86,86
55,64,73,79,80,82,88,91
62,68,75,80,86,88,86,95
64,70,77,82,86,91,95,100

INTER8X8_CHROMAV =
3,14,23,39,52,55,62,64
14,17,26,39,57,64,68,70
23,26,44,48,71,73,75,77
39,39,48,66,77,79,80,82
52,57,71,77,79,80,86,86
55,64,73,79,80,82,88,91
62,68,75,80,86,88,86,95
64,70,77,82,86,91,95,100

INTRA16X16_LUMA =
11,12,14,17,20,25,26,26
12,13,15,18,24,25,26,28
14,15,17,19,25,35,37,37
17,18,19,21,40,37,40,41
20,24,25,40,41,41,41,43
25,25,35,37,41,42,43,44
26,26,37,40,41,43,46,48
26,28,37,41,43,44,48,50

INTRA16X16_CHROMAU =
11,12,14,17,20,25,26,26
12,13,15,18,24,25,26,28
14,15,17,19,25,35,37,37
17,18,19,21,40,37,40,41
20,24,25,40,41,41,41,43
25,25,35,37,41,42,43,44
26,26,37,40,41,43,46,48
26,28,37,41,43,44,48,50

INTRA16X16_CHROMAV =
11,12,14,17,20,25,26,26
12,13,15,18,24,25,26,28
14,15,17,19,25,35,37,37
17,18,19,21,40,37,40,41
20,24,25,40,41,41,41,43
25,25,35,37,41,42,43,44
26,26,37,40,41,43,46,48
26,28,37,41,43,44,48,50

INTER16X16_LUMA =
11,12,14,17,20,25,26,26
12,13,15,18,24,25,26,28
14,15,17,19,25,35,37,37
17,18,19,21,40,37,40,41
20,24,25,40,41,41,41,43
25,25,35,37,41,42,43,44
26,26,37,40,41,43,46,48
26,28,37,41,43,44,48,50

INTER16X16_CHROMAU =
11,12,14,17,20,25,26,26
12,13,15,18,24,25,26,28
14,15,17,19,25,35,37,37
17,18,19,21,40,37,40,41
20,24,25,40,41,41,41,43
25,25,35,37,41,42,43,44
26,26,37,40,41,43,46,48
26,28,37,41,43,44,48,50

INTER16X16_CHROMAV =
11,12,14,17,20,25,26,26
12,13,15,18,24,25,26,28
14,15,17,19,25,35,37,37
17,18,19,21,40,37,40,41
20,24,25,40,41,41,41,43
25,25,35,37,41,42,43,44
26,26,37,40,41,43,46,48
26,28,37,41,43,44,48,50

INTRA32X32_LUMA =
11,12,14,17,20,25,26,26
12,13,15,18,24,25,26,28
14,15,17,19,25,35,37,37
17,18,19,21,40,37,40,41
20,24,25,40,41,41,41,43
25,25,35,37,41,42,43,44
26,26,37,40,41,43,46,48
26,28,37,41,43,44,48,50

INTER32X32_LUMA =
11,12,14,17,20,25,26,26
12,13,15,18,24,25,26,28
14,15,17,19,25,35,37,37
17,18,19,21,40,37,40,41
20,24,25,40,41,41,41,43
25,25,35,37,41,42,43,44
26,26,37,40,41,43,46,48
26,28,37,41,43,44,48,50


INTRA16X16_LUMA_DC =
2

INTRA16X16_CHROMAU_DC =
6

INTRA16X16_CHROMAV_DC =
6

INTER16X16_LUMA_DC =
4

INTER16X16_CHROMAU_DC =
9

INTER16X16_CHROMAV_DC =
9

INTRA32X32_LUMA_DC =
6

INTER32X32_LUMA_DC =
1
