INTRA4X4_LUMA =
2,14,17,21
14,16,20,28
17,20,28,33
21,28,33,36

INTRA4X4_CHROMAU =
11,14,17,21
14,16,20,28
17,20,28,33
21,28,33,36

INTRA4X4_CHROMAV =
11,14,17,21
14,16,20,28
17,20,28,33
21,28,33,36

INTER4X4_LUMA =
15,16,18,21
16,17,20,22
18,20,22,23
21,22,23,23

INTER4X4_CHROMAU =
15,16,18,21
16,17,20,22
18,20,22,23
21,22,23,23

INTER4X4_CHROMAV =
15,16,18,21
16,17,20,22
18,20,22,23
21,22,23,23

INTRA8X8_LUMA =
11,12,14,17,20,25,26,26
12,13,15,18,24,25,26,28
14,15,17,19,25,35,37,37
17,18,19,21,40,37,40,41
20,24,25,40,41,41,41,43
25,25,35,37,41,42,43,44
26,26,37,40,41,43,46,48
26,28,37,41,43,44,48,50

INTRA8X8_CHROMAU =
11,12,14,17,20,25,26,26
12,13,15,18,24,25,26,28
14,15,17,19,25,35,37,37
17,18,19,21,40,37,40,41
20,24,25,40,41,41,41,43
25,25,35,37,41,42,43,44
26,26,37,40,41,43,46,48
26,28,37,41,43,44,48,50

INTRA8X8_CHROMAV =
11,12,14,17,20,25,26,26
12,13,15,18,24,25,26,28
14,15,17,19,25,35,37,37
17,18,19,21,40,37,40,41
20,24,25,40,41,41,41,43
25,25,35,37,41,42,43,44
26,26,37,40,41,43,46,48
26,28,37,41,43,44,48,50

INTER8X8_LUMA =
14,15,16,18,20,20,21,21
15,16,17,18,20,21,21,22
16,17,19,19,22,22,22,22
18,18,19,21,22,23,23,23
20,20,22,22,23,23,23,23
20,21,22,23,23,23,24,24
21,21,22,23,23,24,23,24
21,22,22,23,23,24,24,25

INTER8X8_CHROMAU =
14,15,16,18,20,20,21,21
15,16,17,18,20,21,21,22
16,17,19,19,22,22,22,22
18,18,19,21,22,23,23,23
20,20,22,22,23,23,23,23
20,21,22,23,23,23,24,24
21,21,22,23,23,24,23,24
21,22,22,23,23,24,24,25

INTER8X8_CHROMAV =
14,15,16,18,20,20,21,21
15,16,17,18,20,21,21,22
16,17,19,19,22,22,22,22
18,18,19,21,22,23,23,23
20,20,22,22,23,23,23,23
20,21,22,23,23,23,24,24
21,21,22,23,23,24,23,24
21,22,22,23,23,24,24,25

INTRA16X16_LUMA =
6,9,13,17,23,33,36,37
9,10,14,20,30,35,35,39
13,14,18,23,30,48,56,57
17,20,23,19,53,61,61,66
23,30,30,53,68,66,65,69
33,35,48,61,66,68,68,71
36,35,56,61,65,68,72,76
37,39,57,66,69,71,76,83

INTRA16X16_CHROMAU =
6,9,13,17,23,33,36,37
9,10,14,20,30,35,35,39
13,14,18,23,30,48,56,57
17,20,23,19,53,61,61,66
23,30,30,53,68,66,65,69
33,35,48,61,66,68,68,71
36,35,56,61,65,68,72,76
37,39,57,66,69,71,76,83

INTRA16X16_CHROMAV =
6,9,13,17,23,33,36,37
9,10,14,20,30,35,35,39
13,14,18,23,30,48,56,57
17,20,23,19,53,61,61,66
23,30,30,53,68,66,65,69
33,35,48,61,66,68,68,71
36,35,56,61,65,68,72,76
37,39,57,66,69,71,76,83

INTER16X16_LUMA =
9,15,19,27,35,37,41,43
15,17,21,28,37,42,44,46
19,21,30,32,43,48,48,50
27,28,32,40,48,51,51,53
35,37,43,48,51,51,54,55
37,42,48,51,51,52,55,57
41,44,48,51,54,55,55,57
43,46,50,53,55,57,57,60

INTER16X16_CHROMAU =
9,15,19,27,35,37,41,43
15,17,21,28,37,42,44,46
19,21,30,32,43,48,48,50
27,28,32,40,48,51,51,53
35,37,43,48,51,51,54,55
37,42,48,51,51,52,55,57
41,44,48,51,54,55,55,57
43,46,50,53,55,57,57,60

INTER16X16_CHROMAV =
9,15,19,27,35,37,41,43
15,17,21,28,37,42,44,46
19,21,30,32,43,48,48,50
27,28,32,40,48,51,51,53
35,37,43,48,51,51,54,55
37,42,48,51,51,52,55,57
41,44,48,51,54,55,55,57
43,46,50,53,55,57,57,60

INTRA32X32_LUMA =
6,9,12,17,22,31,36,36
9,10,14,19,29,34,35,38
12,14,17,22,28,45,55,55
17,19,22,17,47,61,60,65
22,29,28,47,66,65,63,68
31,34,45,61,65,67,68,69
36,35,55,60,63,68,71,74
36,38,55,65,68,69,74,81

INTER32X32_LUMA =
9,15,19,27,34,37,40,43
15,17,20,27,36,41,44,45
19,20,30,32,42,48,47,48
27,27,32,40,48,51,50,51
34,36,42,48,51,51,53,54
37,41,48,51,51,51,54,57
40,44,47,50,53,54,54,57
43,45,48,51,54,57,57,58


INTRA16X16_LUMA_DC =
2

INTRA16X16_CHROMAU_DC =
6

INTRA16X16_CHROMAV_DC =
6

INTER16X16_LUMA_DC =
4

INTER16X16_CHROMAU_DC =
9

INTER16X16_CHROMAV_DC =
9

INTRA32X32_LUMA_DC =
6

INTER32X32_LUMA_DC =
1
