INTRA4X4_LUMA =
6,10,20,31
10,16,28,52
20,28,53,67
31,52,67,76

INTRA4X4_CHROMAU =
2,10,20,31
10,16,28,52
20,28,53,67
31,52,67,76

INTRA4X4_CHROMAV =
2,10,20,31
10,16,28,52
20,28,53,67
31,52,67,76

INTER4X4_LUMA =
10,18,32,48
18,23,44,56
32,44,56,59
48,56,59,62

INTER4X4_CHROMAU =
10,18,32,48
18,23,44,56
32,44,56,59
48,56,59,62

INTER4X4_CHROMAV =
10,18,32,48
18,23,44,56
32,44,56,59
48,56,59,62

INTRA8X8_LUMA =
6,9,13,18,25,35,36,37
9,10,15,21,32,35,37,41
13,15,18,23,35,55,58,59
18,21,23,26,65,58,64,66
25,32,35,65,66,66,67,70
35,35,55,58,66,68,70,73
36,37,58,64,67,70,76,80
37,41,59,66,70,73,80,85

INTRA8X8_CHROMAU =
6,9,13,18,25,35,36,37
9,10,15,21,32,35,37,41
13,15,18,23,35,55,58,59
18,21,23,26,65,58,64,66
25,32,35,65,66,66,67,70
35,35,55,58,66,68,70,73
36,37,58,64,67,70,76,80
37,41,59,66,70,73,80,85

INTRA8X8_CHROMAV =
6,9,13,18,25,35,36,37
9,10,15,21,32,35,37,41
13,15,18,23,35,55,58,59
18,21,23,26,65,58,64,66
25,32,35,65,66,66,67,70
35,35,55,58,66,68,70,73
36,37,58,64,67,70,76,80
37,41,59,66,70,73,80,85

INTER8X8_LUMA =
9,15,20,29,36,38,42,43
15,17,22,29,39,43,45,46
20,22,32,34,47,48,49,50
29,29,34,44,50,51,52,53
36,39,47,50,51,52,55,55
38,43,48,51,52,53,56,58
42,45,49,52,55,56,55,60
43,46,50,53,55,58,60,63

INTER8X8_CHROMAU =
9,15,20,29,36,38,42,43
15,17,22,29,39,43,45,46
20,22,32,34,47,48,49,50
29,29,34,44,50,51,52,53
36,39,47,50,51,52,55,55
38,43,48,51,52,53,56,58
42,45,49,52,55,56,55,60
43,46,50,53,55,58,60,63

INTER8X8_CHROMAV =
9,15,20,29,36,38,42,43
15,17,22,29,39,43,45,46
20,22,32,34,47,48,49,50
29,29,34,44,50,51,52,53
36,39,47,50,51,52,55,55
38,43,48,51,52,53,56,58
42,45,49,52,55,56,55,60
43,46,50,53,55,58,60,63

INTRA16X16_LUMA =
11,12,14,17,20,25,26,26
12,13,15,18,24,25,26,28
14,15,17,19,25,35,37,37
17,18,19,21,40,37,40,41
20,24,25,40,41,41,41,43
25,25,35,37,41,42,43,44
26,26,37,40,41,43,46,48
26,28,37,41,43,44,48,50

INTRA16X16_CHROMAU =
11,12,14,17,20,25,26,26
12,13,15,18,24,25,26,28
14,15,17,19,25,35,37,37
17,18,19,21,40,37,40,41
20,24,25,40,41,41,41,43
25,25,35,37,41,42,43,44
26,26,37,40,41,43,46,48
26,28,37,41,43,44,48,50

INTRA16X16_CHROMAV =
11,12,14,17,20,25,26,26
12,13,15,18,24,25,26,28
14,15,17,19,25,35,37,37
17,18,19,21,40,37,40,41
20,24,25,40,41,41,41,43
25,25,35,37,41,42,43,44
26,26,37,40,41,43,46,48
26,28,37,41,43,44,48,50

INTER16X16_LUMA =
11,12,14,17,20,25,26,26
12,13,15,18,24,25,26,28
14,15,17,19,25,35,37,37
17,18,19,21,40,37,40,41
20,24,25,40,41,41,41,43
25,25,35,37,41,42,43,44
26,26,37,40,41,43,46,48
26,28,37,41,43,44,48,50

INTER16X16_CHROMAU =
11,12,14,17,20,25,26,26
12,13,15,18,24,25,26,28
14,15,17,19,25,35,37,37
17,18,19,21,40,37,40,41
20,24,25,40,41,41,41,43
25,25,35,37,41,42,43,44
26,26,37,40,41,43,46,48
26,28,37,41,43,44,48,50

INTER16X16_CHROMAV =
11,12,14,17,20,25,26,26
12,13,15,18,24,25,26,28
14,15,17,19,25,35,37,37
17,18,19,21,40,37,40,41
20,24,25,40,41,41,41,43
25,25,35,37,41,42,43,44
26,26,37,40,41,43,46,48
26,28,37,41,43,44,48,50

INTRA32X32_LUMA =
11,12,14,17,20,25,26,26
12,13,15,18,24,25,26,28
14,15,17,19,25,35,37,37
17,18,19,21,40,37,40,41
20,24,25,40,41,41,41,43
25,25,35,37,41,42,43,44
26,26,37,40,41,43,46,48
26,28,37,41,43,44,48,50

INTER32X32_LUMA =
11,12,14,17,20,25,26,26
12,13,15,18,24,25,26,28
14,15,17,19,25,35,37,37
17,18,19,21,40,37,40,41
20,24,25,40,41,41,41,43
25,25,35,37,41,42,43,44
26,26,37,40,41,43,46,48
26,28,37,41,43,44,48,50

INTRA16X16_LUMA_DC =
2

INTRA16X16_CHROMAU_DC =
6

INTRA16X16_CHROMAV_DC =
6

INTER16X16_LUMA_DC =
4

INTER16X16_CHROMAU_DC =
9

INTER16X16_CHROMAV_DC =
9

INTRA32X32_LUMA_DC =
6

INTER32X32_LUMA_DC =
1

